{"nbformat":4,"nbformat_minor":0,"metadata":{"colab":{"name":"OpenAILab9_YOLO.ipynb","provenance":[{"file_id":"1LV7avlNl6TBNgqffFvhlgnFzciAwv_6I","timestamp":1591014573993},{"file_id":"1T2CmNUADcdzLA7j3GeAkNfKf1pdrID09","timestamp":1590926880523}],"collapsed_sections":[],"toc_visible":true},"kernelspec":{"name":"python3","display_name":"Python 3"},"accelerator":"GPU"},"cells":[{"cell_type":"markdown","metadata":{"id":"iM4NT3yjMYzA","colab_type":"text"},"source":["**Задача 1** Обучите FasterRCNN на датасете PascalVOC.\n","\n","Сколько классов в PascalVOC?\n","\n","Как записан target?\n","\n","Вызывает ли датасет VOCDetection ошибки при чтении? Если да, то как их избежать?"]},{"cell_type":"code","metadata":{"id":"4UFXMCL4MneM","colab_type":"code","colab":{}},"source":["from torchvision.datasets import VOCDetection, VisionDataset\n","import torch\n","import torch.nn as nn\n","from torch.utils.data import DataLoader, Dataset\n","import torchvision\n","import torchvision.transforms as transforms\n","from torchvision.models.detection import FasterRCNN\n","from torchvision.models.detection.faster_rcnn import fasterrcnn_resnet50_fpn\n","from torchvision.models.detection.rpn import AnchorGenerator\n","from torchvision.models import mobilenet_v2, resnet34\n","import torch.nn.functional as F\n","import torch.optim as optim\n","import os"],"execution_count":null,"outputs":[]},{"cell_type":"code","metadata":{"id":"H-Sc9TP5zACc","colab_type":"code","colab":{}},"source":["transforms_ = transforms.Compose([transforms.ToTensor()])"],"execution_count":null,"outputs":[]},{"cell_type":"code","metadata":{"id":"lXCn4FtpNJnO","colab_type":"code","colab":{"base_uri":"https://localhost:8080/","height":33},"executionInfo":{"status":"ok","timestamp":1591114299693,"user_tz":-180,"elapsed":64960,"user":{"displayName":"Григорий Рашков","photoUrl":"","userId":"08952495357133012535"}},"outputId":"b5345347-8c29-49bf-9c39-d0c2f4cfd03e"},"source":["voc = VOCDetection(root='Voc',download=True, transform=transforms_)"],"execution_count":null,"outputs":[{"output_type":"stream","text":["Using downloaded and verified file: Voc/VOCtrainval_11-May-2012.tar\n"],"name":"stdout"}]},{"cell_type":"code","metadata":{"id":"UIhg6e8IQEjm","colab_type":"code","colab":{}},"source":["voc_dataloader = DataLoader(dataset=voc, batch_size=1)"],"execution_count":null,"outputs":[]},{"cell_type":"code","metadata":{"id":"OT3cxyr_QayQ","colab_type":"code","colab":{}},"source":["sample = next(iter(voc_dataloader))\n","print(sample)"],"execution_count":null,"outputs":[]},{"cell_type":"markdown","metadata":{"id":"I6f1ww7vpB--","colab_type":"text"},"source":["## Оборачиваем VOCDetection"]},{"cell_type":"code","metadata":{"id":"P-7deRBewwAx","colab_type":"code","colab":{"base_uri":"https://localhost:8080/","height":33},"executionInfo":{"status":"ok","timestamp":1591114683188,"user_tz":-180,"elapsed":1208,"user":{"displayName":"Григорий Рашков","photoUrl":"","userId":"08952495357133012535"}},"outputId":"88745e56-baf9-4b5e-a028-2fe92f5c407c"},"source":["print(os.listdir(os.path.join(os.getcwd(), 'Voc/', 'VOCdevkit/', 'VOC2012')))"],"execution_count":null,"outputs":[{"output_type":"stream","text":["['SegmentationClass', 'SegmentationObject', 'ImageSets', 'JPEGImages', 'Annotations']\n"],"name":"stdout"}]},{"cell_type":"code","metadata":{"id":"kVFUG7s-wfkZ","colab_type":"code","colab":{}},"source":["path2data = r'./Voc'"],"execution_count":null,"outputs":[]},{"cell_type":"code","metadata":{"id":"E85TrmPnbbU5","colab_type":"code","colab":{}},"source":["classes2labels = {\n","        \"__background__ \":0,\n","        \"aeroplane\":1,\n","        \"bicycle\":2,\n","        \"bird\":3,\n","        \"boat\":4,\n","        \"bottle\":5,\n","        \"bus\":6,\n","        \"car\":7,\n","        \"cat\":8,\n","        \"chair\":9,\n","        \"cow\":10,\n","        \"diningtable\":11,\n","        \"dog\":12,\n","        \"horse\":13,\n","        \"motorbike\":14,\n","        \"person\":15,\n","        \"pottedplant\":16,\n","        \"sheep\":17,\n","        \"sofa\":18,\n","        \"train\":19,\n","        \"tvmonitor\":20,\n","}"],"execution_count":null,"outputs":[]},{"cell_type":"code","metadata":{"id":"wIDhvh2-oClv","colab_type":"code","colab":{}},"source":["class MyVOCDetection(VOCDetection):\n","  def __init__(self, root, transforms_=None):\n","    super().__init__(root, download=False)\n","    self.transforms_ = transforms_\n","  \n","  def __getitem__(self, index):\n","    image, target = super().__getitem__(index)\n","\n","    labels = []\n","    boxes = []\n","    for object_ in target['annotation']['object']:\n","        labels.append(classes2labels[object_['name']])\n","        boxes.append([int(object_['bndbox']['xmin']), int(object_['bndbox']['ymin']), int(object_['bndbox']['xmax']), int(object_['bndbox']['ymax'])])\n","    boxes = torch.as_tensor(boxes)\n","    target = {'boxes':boxes,'labels':labels}\n","\n","    if self.transforms_ is not None:\n","      image = self.transforms_(image)\n","\n","    return image, target"],"execution_count":null,"outputs":[]},{"cell_type":"code","metadata":{"id":"dcPuEBpJqq_t","colab_type":"code","colab":{}},"source":["transforms_ = transforms.Compose([ transforms.ToTensor(),\n","                          transforms.RandomHorizontalFlip()])"],"execution_count":null,"outputs":[]},{"cell_type":"code","metadata":{"id":"RsxRXwzQoI9P","colab_type":"code","colab":{"base_uri":"https://localhost:8080/","height":33},"executionInfo":{"status":"ok","timestamp":1591115254189,"user_tz":-180,"elapsed":64870,"user":{"displayName":"Григорий Рашков","photoUrl":"","userId":"08952495357133012535"}},"outputId":"009450b8-864b-4057-e6ff-64772721ab50"},"source":["VOC_dataset = MyVOCDetection(path2data, transforms_=None)"],"execution_count":null,"outputs":[{"output_type":"stream","text":["Using downloaded and verified file: ./Voc/VOCtrainval_11-May-2012.tar\n"],"name":"stdout"}]},{"cell_type":"code","metadata":{"id":"CNvkr0f5oLJ3","colab_type":"code","colab":{"base_uri":"https://localhost:8080/","height":67},"executionInfo":{"status":"ok","timestamp":1591115260177,"user_tz":-180,"elapsed":696,"user":{"displayName":"Григорий Рашков","photoUrl":"","userId":"08952495357133012535"}},"outputId":"c3abab86-c49c-4e5e-80e3-267cc8f13fb6"},"source":["VOC_dataset[0]"],"execution_count":null,"outputs":[{"output_type":"execute_result","data":{"text/plain":["(<PIL.Image.Image image mode=RGB size=500x442 at 0x7FB4080EBEF0>,\n"," {'boxes': tensor([[ 53,  87, 471, 420],\n","          [158,  44, 289, 167]]), 'labels': tensor([13, 15])})"]},"metadata":{"tags":[]},"execution_count":137}]},{"cell_type":"markdown","metadata":{"id":"JogbeETrpNnJ","colab_type":"text"},"source":["## Совместное преобразование"]},{"cell_type":"code","metadata":{"id":"HPcpOFoDvQ6y","colab_type":"code","colab":{}},"source":["class MyVOCDetection(VOCDetection):\n","  def __init__(self, root, transforms_=None):\n","    super().__init__(root, download=True)\n","    self.transforms_ = transforms_\n","  \n","  def __getitem__(self, index):\n","    image, target = super().__getitem__(index)\n","\n","    labels = []\n","    boxes = []\n","    for object_ in target['annotation']['object']:\n","        labels.append(classes2labels[object_['name']])\n","        boxes.append([int(object_['bndbox']['xmin']), int(object_['bndbox']['ymin']), int(object_['bndbox']['xmax']), int(object_['bndbox']['ymax'])])\n","    boxes = torch.as_tensor(boxes)\n","    labels = torch.as_tensor(labels)\n","    target = {'boxes':boxes,'labels':labels}\n","\n","    print('image befor transform', type(image))\n","    print('target before transform', target)\n","    \n","    if self.transforms_ is not None:\n","      image, target = self.transforms_(image, target)\n","    print('target after transform', target)\n","    print('image after transform', type(image))\n","    return image, target"],"execution_count":null,"outputs":[]},{"cell_type":"code","metadata":{"id":"Wgx3yyxTi1Aj","colab_type":"code","colab":{}},"source":["transforms_ = transforms.Compose([\n","    transforms.ToTensor(),\n","    transforms.RandomHorizontalFlip(0.5)\n","    ])"],"execution_count":null,"outputs":[]},{"cell_type":"code","metadata":{"id":"9ySg7msJ54Qe","colab_type":"code","colab":{"base_uri":"https://localhost:8080/","height":33},"executionInfo":{"status":"ok","timestamp":1591115644500,"user_tz":-180,"elapsed":65016,"user":{"displayName":"Григорий Рашков","photoUrl":"","userId":"08952495357133012535"}},"outputId":"4b692f9b-8523-4925-fc36-63635638f78c"},"source":["VOC_dataset = MyVOCDetection(path2data, transforms_=transforms_)"],"execution_count":null,"outputs":[{"output_type":"stream","text":["Using downloaded and verified file: ./Voc/VOCtrainval_11-May-2012.tar\n"],"name":"stdout"}]},{"cell_type":"markdown","metadata":{"id":"2nRXFFhrplO2","colab_type":"text"},"source":["### Трюк с версиями torchvision\n","\n","\n"]},{"cell_type":"code","metadata":{"id":"8gAZp5vvc9o3","colab_type":"code","colab":{"base_uri":"https://localhost:8080/","height":330},"executionInfo":{"status":"error","timestamp":1591115646856,"user_tz":-180,"elapsed":719,"user":{"displayName":"Григорий Рашков","photoUrl":"","userId":"08952495357133012535"}},"outputId":"a0dd9f90-9378-4583-eee9-1ccffba18297"},"source":["VOC_dataset[0]"],"execution_count":null,"outputs":[{"output_type":"stream","text":["image befor transform <class 'PIL.Image.Image'>\n","target before transform {'boxes': tensor([[ 53,  87, 471, 420],\n","        [158,  44, 289, 167]]), 'labels': [13, 15]}\n"],"name":"stdout"},{"output_type":"error","ename":"TypeError","evalue":"ignored","traceback":["\u001b[0;31m---------------------------------------------------------------------------\u001b[0m","\u001b[0;31mTypeError\u001b[0m                                 Traceback (most recent call last)","\u001b[0;32m<ipython-input-141-a87bdbec4032>\u001b[0m in \u001b[0;36m<module>\u001b[0;34m()\u001b[0m\n\u001b[0;32m----> 1\u001b[0;31m \u001b[0mVOC_dataset\u001b[0m\u001b[0;34m[\u001b[0m\u001b[0;36m0\u001b[0m\u001b[0;34m]\u001b[0m\u001b[0;34m\u001b[0m\u001b[0;34m\u001b[0m\u001b[0m\n\u001b[0m","\u001b[0;32m<ipython-input-138-2eacd0283cc1>\u001b[0m in \u001b[0;36m__getitem__\u001b[0;34m(self, index)\u001b[0m\n\u001b[1;32m     19\u001b[0m \u001b[0;34m\u001b[0m\u001b[0m\n\u001b[1;32m     20\u001b[0m     \u001b[0;32mif\u001b[0m \u001b[0mself\u001b[0m\u001b[0;34m.\u001b[0m\u001b[0mtransforms_\u001b[0m \u001b[0;32mis\u001b[0m \u001b[0;32mnot\u001b[0m \u001b[0;32mNone\u001b[0m\u001b[0;34m:\u001b[0m\u001b[0;34m\u001b[0m\u001b[0;34m\u001b[0m\u001b[0m\n\u001b[0;32m---> 21\u001b[0;31m       \u001b[0mimage\u001b[0m\u001b[0;34m,\u001b[0m \u001b[0mtarget\u001b[0m \u001b[0;34m=\u001b[0m \u001b[0mself\u001b[0m\u001b[0;34m.\u001b[0m\u001b[0mtransforms_\u001b[0m\u001b[0;34m(\u001b[0m\u001b[0mimage\u001b[0m\u001b[0;34m,\u001b[0m \u001b[0mtarget\u001b[0m\u001b[0;34m)\u001b[0m\u001b[0;34m\u001b[0m\u001b[0;34m\u001b[0m\u001b[0m\n\u001b[0m\u001b[1;32m     22\u001b[0m     \u001b[0mprint\u001b[0m\u001b[0;34m(\u001b[0m\u001b[0;34m'target after transform'\u001b[0m\u001b[0;34m,\u001b[0m \u001b[0mtarget\u001b[0m\u001b[0;34m)\u001b[0m\u001b[0;34m\u001b[0m\u001b[0;34m\u001b[0m\u001b[0m\n\u001b[1;32m     23\u001b[0m     \u001b[0mprint\u001b[0m\u001b[0;34m(\u001b[0m\u001b[0;34m'image after transform'\u001b[0m\u001b[0;34m,\u001b[0m \u001b[0mtype\u001b[0m\u001b[0;34m(\u001b[0m\u001b[0mimage\u001b[0m\u001b[0;34m)\u001b[0m\u001b[0;34m)\u001b[0m\u001b[0;34m\u001b[0m\u001b[0;34m\u001b[0m\u001b[0m\n","\u001b[0;31mTypeError\u001b[0m: __call__() takes 2 positional arguments but 3 were given"]}]},{"cell_type":"code","metadata":{"id":"OtbvYKtH4t26","colab_type":"code","colab":{"base_uri":"https://localhost:8080/","height":33},"executionInfo":{"status":"ok","timestamp":1591115714360,"user_tz":-180,"elapsed":664,"user":{"displayName":"Григорий Рашков","photoUrl":"","userId":"08952495357133012535"}},"outputId":"c80dd712-4df3-45ea-bacd-4e552cf5410f"},"source":["torchvision.__version__"],"execution_count":null,"outputs":[{"output_type":"execute_result","data":{"text/plain":["'0.6.0+cu101'"]},"metadata":{"tags":[]},"execution_count":142}]},{"cell_type":"code","metadata":{"id":"Qiw0eXeJiMxm","colab_type":"code","colab":{"base_uri":"https://localhost:8080/","height":336},"executionInfo":{"status":"ok","timestamp":1595604013207,"user_tz":-180,"elapsed":7724,"user":{"displayName":"Григорий Рашков","photoUrl":"","userId":"08952495357133012535"}},"outputId":"b01f454f-6c9c-4cb9-8371-0ad786448ad2"},"source":["%%shell\n","\n","# Download TorchVision repo to use some files from\n","# references/detection\n","git clone https://github.com/pytorch/vision.git\n","cd vision\n","git checkout v0.3.0\n","\n","cp references/detection/utils.py ../\n","cp references/detection/transforms.py ../\n","cp references/detection/coco_eval.py ../\n","cp references/detection/engine.py ../\n","cp references/detection/coco_utils.py ../"],"execution_count":null,"outputs":[{"output_type":"stream","text":["Cloning into 'vision'...\n","remote: Enumerating objects: 26, done.\u001b[K\n","remote: Counting objects: 100% (26/26), done.\u001b[K\n","remote: Compressing objects: 100% (25/25), done.\u001b[K\n","remote: Total 9284 (delta 9), reused 4 (delta 1), pack-reused 9258\u001b[K\n","Receiving objects: 100% (9284/9284), 11.25 MiB | 6.50 MiB/s, done.\n","Resolving deltas: 100% (6431/6431), done.\n","Note: checking out 'v0.3.0'.\n","\n","You are in 'detached HEAD' state. You can look around, make experimental\n","changes and commit them, and you can discard any commits you make in this\n","state without impacting any branches by performing another checkout.\n","\n","If you want to create a new branch to retain commits you create, you may\n","do so (now or later) by using -b with the checkout command again. Example:\n","\n","  git checkout -b <new-branch-name>\n","\n","HEAD is now at be37608 version check against PyTorch's CUDA version\n"],"name":"stdout"},{"output_type":"execute_result","data":{"text/plain":[""]},"metadata":{"tags":[]},"execution_count":2}]},{"cell_type":"code","metadata":{"id":"gV86FSuviOkC","colab_type":"code","colab":{}},"source":["import transforms as T"],"execution_count":null,"outputs":[]},{"cell_type":"code","metadata":{"id":"rm9WwYUCimBo","colab_type":"code","colab":{}},"source":["transforms_ = T.Compose([\n","           T.ToTensor(),\n","           T.RandomHorizontalFlip(0.5)\n","])"],"execution_count":null,"outputs":[]},{"cell_type":"code","metadata":{"id":"MSl-VCEzitXn","colab_type":"code","colab":{"base_uri":"https://localhost:8080/","height":33},"executionInfo":{"status":"ok","timestamp":1591115953167,"user_tz":-180,"elapsed":63861,"user":{"displayName":"Григорий Рашков","photoUrl":"","userId":"08952495357133012535"}},"outputId":"f8ca9315-8137-42ab-ae44-63d5f853f232"},"source":["VOC_dataset = MyVOCDetection(path2data, transforms_=transforms_)"],"execution_count":null,"outputs":[{"output_type":"stream","text":["Using downloaded and verified file: ./Voc/VOCtrainval_11-May-2012.tar\n"],"name":"stdout"}]},{"cell_type":"code","metadata":{"id":"VS8EnWG9l3x7","colab_type":"code","colab":{"base_uri":"https://localhost:8080/","height":117},"executionInfo":{"status":"ok","timestamp":1591115966875,"user_tz":-180,"elapsed":659,"user":{"displayName":"Григорий Рашков","photoUrl":"","userId":"08952495357133012535"}},"outputId":"bd78e880-b3fd-4733-8647-e7d4d0118494"},"source":["image, target = VOC_dataset[0]"],"execution_count":null,"outputs":[{"output_type":"stream","text":["image befor transform <class 'PIL.Image.Image'>\n","target before transform {'boxes': tensor([[ 53,  87, 471, 420],\n","        [158,  44, 289, 167]]), 'labels': [13, 15]}\n","target after transform {'boxes': tensor([[ 29,  87, 447, 420],\n","        [211,  44, 342, 167]]), 'labels': [13, 15]}\n","image after transform <class 'torch.Tensor'>\n"],"name":"stdout"}]},{"cell_type":"code","metadata":{"id":"W89cS3kJUdXo","colab_type":"code","colab":{"base_uri":"https://localhost:8080/","height":537},"executionInfo":{"status":"ok","timestamp":1591116321890,"user_tz":-180,"elapsed":1775,"user":{"displayName":"Григорий Рашков","photoUrl":"","userId":"08952495357133012535"}},"outputId":"2f61b09c-20d1-499a-e198-3a4d5c52fe7f"},"source":["VOC_dataloader = DataLoader(dataset=VOC_dataset, batch_size=1)\n","next(iter(VOC_dataloader))"],"execution_count":null,"outputs":[{"output_type":"stream","text":["image befor transform <class 'PIL.Image.Image'>\n","target before transform {'boxes': tensor([[ 53,  87, 471, 420],\n","        [158,  44, 289, 167]]), 'labels': [13, 15]}\n","target after transform {'boxes': tensor([[ 29,  87, 447, 420],\n","        [211,  44, 342, 167]]), 'labels': [13, 15]}\n","image after transform <class 'torch.Tensor'>\n"],"name":"stdout"},{"output_type":"execute_result","data":{"text/plain":["[tensor([[[[0.8000, 0.7961, 0.7922,  ..., 1.0000, 1.0000, 1.0000],\n","           [0.7922, 0.7961, 0.7961,  ..., 1.0000, 1.0000, 1.0000],\n","           [0.8039, 0.8039, 0.8078,  ..., 1.0000, 1.0000, 1.0000],\n","           ...,\n","           [0.4667, 0.4706, 0.5373,  ..., 0.8078, 0.7608, 0.8039],\n","           [0.4784, 0.4235, 0.4353,  ..., 0.7569, 0.7569, 0.7529],\n","           [0.3137, 0.2863, 0.3216,  ..., 0.7255, 0.7059, 0.6980]],\n"," \n","          [[0.8118, 0.8078, 0.8039,  ..., 1.0000, 1.0000, 1.0000],\n","           [0.8039, 0.8078, 0.8078,  ..., 1.0000, 1.0000, 1.0000],\n","           [0.8157, 0.8157, 0.8196,  ..., 1.0000, 1.0000, 1.0000],\n","           ...,\n","           [0.4431, 0.4392, 0.5020,  ..., 0.7529, 0.7059, 0.7490],\n","           [0.4667, 0.4039, 0.4157,  ..., 0.7020, 0.7020, 0.6980],\n","           [0.3020, 0.2667, 0.3020,  ..., 0.6706, 0.6510, 0.6431]],\n"," \n","          [[0.9804, 0.9765, 0.9725,  ..., 1.0000, 1.0000, 1.0000],\n","           [0.9725, 0.9765, 0.9765,  ..., 1.0000, 1.0000, 1.0000],\n","           [0.9843, 0.9843, 0.9882,  ..., 1.0000, 1.0000, 1.0000],\n","           ...,\n","           [0.3961, 0.3961, 0.4667,  ..., 0.7020, 0.6549, 0.6980],\n","           [0.4314, 0.3804, 0.3922,  ..., 0.6510, 0.6510, 0.6471],\n","           [0.2745, 0.2510, 0.2863,  ..., 0.6196, 0.6000, 0.5922]]]]),\n"," {'boxes': tensor([[[ 29,  87, 447, 420],\n","           [211,  44, 342, 167]]]), 'labels': [tensor([13]), tensor([15])]}]"]},"metadata":{"tags":[]},"execution_count":148}]},{"cell_type":"code","metadata":{"id":"pqrNE-f_o5-G","colab_type":"code","colab":{}},"source":["class MyVOCDetection(VOCDetection):\n","  def __init__(self, root, transforms_=None):\n","    super().__init__(root, download=True)\n","    self.transforms_ = transforms_\n","  \n","  def __getitem__(self, index):\n","    image, target = super().__getitem__(index)\n","\n","    labels = []\n","    boxes = []\n","    for object_ in target['annotation']['object']:\n","        labels.append(classes2labels[object_['name']])\n","        boxes.append([int(object_['bndbox']['xmin']), int(object_['bndbox']['ymin']), int(object_['bndbox']['xmax']), int(object_['bndbox']['ymax'])])\n","    boxes = torch.as_tensor(boxes)\n","    labels = torch.as_tensor(labels)\n","    target = {'boxes':boxes,'labels':labels}\n","\n","    if self.transforms_ is not None:\n","      image, target = self.transforms_(image, target)\n","    return image, target"],"execution_count":null,"outputs":[]},{"cell_type":"code","metadata":{"id":"rSyyz3ZxpvFT","colab_type":"code","colab":{"base_uri":"https://localhost:8080/","height":33},"executionInfo":{"status":"ok","timestamp":1591116424885,"user_tz":-180,"elapsed":65070,"user":{"displayName":"Григорий Рашков","photoUrl":"","userId":"08952495357133012535"}},"outputId":"3e5216df-c2d1-4d28-e326-6d3b88e0ba7d"},"source":["VOC_dataset = MyVOCDetection(path2data, transforms_=transforms_)"],"execution_count":null,"outputs":[{"output_type":"stream","text":["Using downloaded and verified file: ./Voc/VOCtrainval_11-May-2012.tar\n"],"name":"stdout"}]},{"cell_type":"code","metadata":{"id":"M4a2htvA7fEg","colab_type":"code","colab":{"base_uri":"https://localhost:8080/","height":33},"executionInfo":{"status":"ok","timestamp":1591116467053,"user_tz":-180,"elapsed":640,"user":{"displayName":"Григорий Рашков","photoUrl":"","userId":"08952495357133012535"}},"outputId":"421e4895-d12e-4e6d-9dd2-fa7c498ca8ca"},"source":["image, target = VOC_dataset[3]\n","image.size()"],"execution_count":null,"outputs":[{"output_type":"execute_result","data":{"text/plain":["torch.Size([3, 500, 333])"]},"metadata":{"tags":[]},"execution_count":152}]},{"cell_type":"markdown","metadata":{"id":"a7ifAZInp7t7","colab_type":"text"},"source":["## Сопоставление изображений разных масштабов"]},{"cell_type":"code","metadata":{"id":"EErQeaPhjFJu","colab_type":"code","colab":{"base_uri":"https://localhost:8080/","height":320},"executionInfo":{"status":"error","timestamp":1591116521114,"user_tz":-180,"elapsed":635,"user":{"displayName":"Григорий Рашков","photoUrl":"","userId":"08952495357133012535"}},"outputId":"de011a11-51b7-455d-f02f-3b076e972c12"},"source":["VOC_dataloader = DataLoader(dataset=VOC_dataset, batch_size=2)\n","example = next(iter(VOC_dataloader))"],"execution_count":null,"outputs":[{"output_type":"error","ename":"RuntimeError","evalue":"ignored","traceback":["\u001b[0;31m---------------------------------------------------------------------------\u001b[0m","\u001b[0;31mRuntimeError\u001b[0m                              Traceback (most recent call last)","\u001b[0;32m<ipython-input-153-2c24eed1dba0>\u001b[0m in \u001b[0;36m<module>\u001b[0;34m()\u001b[0m\n\u001b[1;32m      1\u001b[0m \u001b[0mVOC_dataloader\u001b[0m \u001b[0;34m=\u001b[0m \u001b[0mDataLoader\u001b[0m\u001b[0;34m(\u001b[0m\u001b[0mdataset\u001b[0m\u001b[0;34m=\u001b[0m\u001b[0mVOC_dataset\u001b[0m\u001b[0;34m,\u001b[0m \u001b[0mbatch_size\u001b[0m\u001b[0;34m=\u001b[0m\u001b[0;36m2\u001b[0m\u001b[0;34m)\u001b[0m\u001b[0;34m\u001b[0m\u001b[0;34m\u001b[0m\u001b[0m\n\u001b[0;32m----> 2\u001b[0;31m \u001b[0mexample\u001b[0m \u001b[0;34m=\u001b[0m \u001b[0mnext\u001b[0m\u001b[0;34m(\u001b[0m\u001b[0miter\u001b[0m\u001b[0;34m(\u001b[0m\u001b[0mVOC_dataloader\u001b[0m\u001b[0;34m)\u001b[0m\u001b[0;34m)\u001b[0m\u001b[0;34m\u001b[0m\u001b[0;34m\u001b[0m\u001b[0m\n\u001b[0m","\u001b[0;32m/usr/local/lib/python3.6/dist-packages/torch/utils/data/dataloader.py\u001b[0m in \u001b[0;36m__next__\u001b[0;34m(self)\u001b[0m\n\u001b[1;32m    343\u001b[0m \u001b[0;34m\u001b[0m\u001b[0m\n\u001b[1;32m    344\u001b[0m     \u001b[0;32mdef\u001b[0m \u001b[0m__next__\u001b[0m\u001b[0;34m(\u001b[0m\u001b[0mself\u001b[0m\u001b[0;34m)\u001b[0m\u001b[0;34m:\u001b[0m\u001b[0;34m\u001b[0m\u001b[0;34m\u001b[0m\u001b[0m\n\u001b[0;32m--> 345\u001b[0;31m         \u001b[0mdata\u001b[0m \u001b[0;34m=\u001b[0m \u001b[0mself\u001b[0m\u001b[0;34m.\u001b[0m\u001b[0m_next_data\u001b[0m\u001b[0;34m(\u001b[0m\u001b[0;34m)\u001b[0m\u001b[0;34m\u001b[0m\u001b[0;34m\u001b[0m\u001b[0m\n\u001b[0m\u001b[1;32m    346\u001b[0m         \u001b[0mself\u001b[0m\u001b[0;34m.\u001b[0m\u001b[0m_num_yielded\u001b[0m \u001b[0;34m+=\u001b[0m \u001b[0;36m1\u001b[0m\u001b[0;34m\u001b[0m\u001b[0;34m\u001b[0m\u001b[0m\n\u001b[1;32m    347\u001b[0m         \u001b[0;32mif\u001b[0m \u001b[0mself\u001b[0m\u001b[0;34m.\u001b[0m\u001b[0m_dataset_kind\u001b[0m \u001b[0;34m==\u001b[0m \u001b[0m_DatasetKind\u001b[0m\u001b[0;34m.\u001b[0m\u001b[0mIterable\u001b[0m \u001b[0;32mand\u001b[0m\u001b[0;31m \u001b[0m\u001b[0;31m\\\u001b[0m\u001b[0;34m\u001b[0m\u001b[0;34m\u001b[0m\u001b[0m\n","\u001b[0;32m/usr/local/lib/python3.6/dist-packages/torch/utils/data/dataloader.py\u001b[0m in \u001b[0;36m_next_data\u001b[0;34m(self)\u001b[0m\n\u001b[1;32m    383\u001b[0m     \u001b[0;32mdef\u001b[0m \u001b[0m_next_data\u001b[0m\u001b[0;34m(\u001b[0m\u001b[0mself\u001b[0m\u001b[0;34m)\u001b[0m\u001b[0;34m:\u001b[0m\u001b[0;34m\u001b[0m\u001b[0;34m\u001b[0m\u001b[0m\n\u001b[1;32m    384\u001b[0m         \u001b[0mindex\u001b[0m \u001b[0;34m=\u001b[0m \u001b[0mself\u001b[0m\u001b[0;34m.\u001b[0m\u001b[0m_next_index\u001b[0m\u001b[0;34m(\u001b[0m\u001b[0;34m)\u001b[0m  \u001b[0;31m# may raise StopIteration\u001b[0m\u001b[0;34m\u001b[0m\u001b[0;34m\u001b[0m\u001b[0m\n\u001b[0;32m--> 385\u001b[0;31m         \u001b[0mdata\u001b[0m \u001b[0;34m=\u001b[0m \u001b[0mself\u001b[0m\u001b[0;34m.\u001b[0m\u001b[0m_dataset_fetcher\u001b[0m\u001b[0;34m.\u001b[0m\u001b[0mfetch\u001b[0m\u001b[0;34m(\u001b[0m\u001b[0mindex\u001b[0m\u001b[0;34m)\u001b[0m  \u001b[0;31m# may raise StopIteration\u001b[0m\u001b[0;34m\u001b[0m\u001b[0;34m\u001b[0m\u001b[0m\n\u001b[0m\u001b[1;32m    386\u001b[0m         \u001b[0;32mif\u001b[0m \u001b[0mself\u001b[0m\u001b[0;34m.\u001b[0m\u001b[0m_pin_memory\u001b[0m\u001b[0;34m:\u001b[0m\u001b[0;34m\u001b[0m\u001b[0;34m\u001b[0m\u001b[0m\n\u001b[1;32m    387\u001b[0m             \u001b[0mdata\u001b[0m \u001b[0;34m=\u001b[0m \u001b[0m_utils\u001b[0m\u001b[0;34m.\u001b[0m\u001b[0mpin_memory\u001b[0m\u001b[0;34m.\u001b[0m\u001b[0mpin_memory\u001b[0m\u001b[0;34m(\u001b[0m\u001b[0mdata\u001b[0m\u001b[0;34m)\u001b[0m\u001b[0;34m\u001b[0m\u001b[0;34m\u001b[0m\u001b[0m\n","\u001b[0;32m/usr/local/lib/python3.6/dist-packages/torch/utils/data/_utils/fetch.py\u001b[0m in \u001b[0;36mfetch\u001b[0;34m(self, possibly_batched_index)\u001b[0m\n\u001b[1;32m     45\u001b[0m         \u001b[0;32melse\u001b[0m\u001b[0;34m:\u001b[0m\u001b[0;34m\u001b[0m\u001b[0;34m\u001b[0m\u001b[0m\n\u001b[1;32m     46\u001b[0m             \u001b[0mdata\u001b[0m \u001b[0;34m=\u001b[0m \u001b[0mself\u001b[0m\u001b[0;34m.\u001b[0m\u001b[0mdataset\u001b[0m\u001b[0;34m[\u001b[0m\u001b[0mpossibly_batched_index\u001b[0m\u001b[0;34m]\u001b[0m\u001b[0;34m\u001b[0m\u001b[0;34m\u001b[0m\u001b[0m\n\u001b[0;32m---> 47\u001b[0;31m         \u001b[0;32mreturn\u001b[0m \u001b[0mself\u001b[0m\u001b[0;34m.\u001b[0m\u001b[0mcollate_fn\u001b[0m\u001b[0;34m(\u001b[0m\u001b[0mdata\u001b[0m\u001b[0;34m)\u001b[0m\u001b[0;34m\u001b[0m\u001b[0;34m\u001b[0m\u001b[0m\n\u001b[0m","\u001b[0;32m/usr/local/lib/python3.6/dist-packages/torch/utils/data/_utils/collate.py\u001b[0m in \u001b[0;36mdefault_collate\u001b[0;34m(batch)\u001b[0m\n\u001b[1;32m     77\u001b[0m     \u001b[0;32melif\u001b[0m \u001b[0misinstance\u001b[0m\u001b[0;34m(\u001b[0m\u001b[0melem\u001b[0m\u001b[0;34m,\u001b[0m \u001b[0mcontainer_abcs\u001b[0m\u001b[0;34m.\u001b[0m\u001b[0mSequence\u001b[0m\u001b[0;34m)\u001b[0m\u001b[0;34m:\u001b[0m\u001b[0;34m\u001b[0m\u001b[0;34m\u001b[0m\u001b[0m\n\u001b[1;32m     78\u001b[0m         \u001b[0mtransposed\u001b[0m \u001b[0;34m=\u001b[0m \u001b[0mzip\u001b[0m\u001b[0;34m(\u001b[0m\u001b[0;34m*\u001b[0m\u001b[0mbatch\u001b[0m\u001b[0;34m)\u001b[0m\u001b[0;34m\u001b[0m\u001b[0;34m\u001b[0m\u001b[0m\n\u001b[0;32m---> 79\u001b[0;31m         \u001b[0;32mreturn\u001b[0m \u001b[0;34m[\u001b[0m\u001b[0mdefault_collate\u001b[0m\u001b[0;34m(\u001b[0m\u001b[0msamples\u001b[0m\u001b[0;34m)\u001b[0m \u001b[0;32mfor\u001b[0m \u001b[0msamples\u001b[0m \u001b[0;32min\u001b[0m \u001b[0mtransposed\u001b[0m\u001b[0;34m]\u001b[0m\u001b[0;34m\u001b[0m\u001b[0;34m\u001b[0m\u001b[0m\n\u001b[0m\u001b[1;32m     80\u001b[0m \u001b[0;34m\u001b[0m\u001b[0m\n\u001b[1;32m     81\u001b[0m     \u001b[0;32mraise\u001b[0m \u001b[0mTypeError\u001b[0m\u001b[0;34m(\u001b[0m\u001b[0mdefault_collate_err_msg_format\u001b[0m\u001b[0;34m.\u001b[0m\u001b[0mformat\u001b[0m\u001b[0;34m(\u001b[0m\u001b[0melem_type\u001b[0m\u001b[0;34m)\u001b[0m\u001b[0;34m)\u001b[0m\u001b[0;34m\u001b[0m\u001b[0;34m\u001b[0m\u001b[0m\n","\u001b[0;32m/usr/local/lib/python3.6/dist-packages/torch/utils/data/_utils/collate.py\u001b[0m in \u001b[0;36m<listcomp>\u001b[0;34m(.0)\u001b[0m\n\u001b[1;32m     77\u001b[0m     \u001b[0;32melif\u001b[0m \u001b[0misinstance\u001b[0m\u001b[0;34m(\u001b[0m\u001b[0melem\u001b[0m\u001b[0;34m,\u001b[0m \u001b[0mcontainer_abcs\u001b[0m\u001b[0;34m.\u001b[0m\u001b[0mSequence\u001b[0m\u001b[0;34m)\u001b[0m\u001b[0;34m:\u001b[0m\u001b[0;34m\u001b[0m\u001b[0;34m\u001b[0m\u001b[0m\n\u001b[1;32m     78\u001b[0m         \u001b[0mtransposed\u001b[0m \u001b[0;34m=\u001b[0m \u001b[0mzip\u001b[0m\u001b[0;34m(\u001b[0m\u001b[0;34m*\u001b[0m\u001b[0mbatch\u001b[0m\u001b[0;34m)\u001b[0m\u001b[0;34m\u001b[0m\u001b[0;34m\u001b[0m\u001b[0m\n\u001b[0;32m---> 79\u001b[0;31m         \u001b[0;32mreturn\u001b[0m \u001b[0;34m[\u001b[0m\u001b[0mdefault_collate\u001b[0m\u001b[0;34m(\u001b[0m\u001b[0msamples\u001b[0m\u001b[0;34m)\u001b[0m \u001b[0;32mfor\u001b[0m \u001b[0msamples\u001b[0m \u001b[0;32min\u001b[0m \u001b[0mtransposed\u001b[0m\u001b[0;34m]\u001b[0m\u001b[0;34m\u001b[0m\u001b[0;34m\u001b[0m\u001b[0m\n\u001b[0m\u001b[1;32m     80\u001b[0m \u001b[0;34m\u001b[0m\u001b[0m\n\u001b[1;32m     81\u001b[0m     \u001b[0;32mraise\u001b[0m \u001b[0mTypeError\u001b[0m\u001b[0;34m(\u001b[0m\u001b[0mdefault_collate_err_msg_format\u001b[0m\u001b[0;34m.\u001b[0m\u001b[0mformat\u001b[0m\u001b[0;34m(\u001b[0m\u001b[0melem_type\u001b[0m\u001b[0;34m)\u001b[0m\u001b[0;34m)\u001b[0m\u001b[0;34m\u001b[0m\u001b[0;34m\u001b[0m\u001b[0m\n","\u001b[0;32m/usr/local/lib/python3.6/dist-packages/torch/utils/data/_utils/collate.py\u001b[0m in \u001b[0;36mdefault_collate\u001b[0;34m(batch)\u001b[0m\n\u001b[1;32m     53\u001b[0m             \u001b[0mstorage\u001b[0m \u001b[0;34m=\u001b[0m \u001b[0melem\u001b[0m\u001b[0;34m.\u001b[0m\u001b[0mstorage\u001b[0m\u001b[0;34m(\u001b[0m\u001b[0;34m)\u001b[0m\u001b[0;34m.\u001b[0m\u001b[0m_new_shared\u001b[0m\u001b[0;34m(\u001b[0m\u001b[0mnumel\u001b[0m\u001b[0;34m)\u001b[0m\u001b[0;34m\u001b[0m\u001b[0;34m\u001b[0m\u001b[0m\n\u001b[1;32m     54\u001b[0m             \u001b[0mout\u001b[0m \u001b[0;34m=\u001b[0m \u001b[0melem\u001b[0m\u001b[0;34m.\u001b[0m\u001b[0mnew\u001b[0m\u001b[0;34m(\u001b[0m\u001b[0mstorage\u001b[0m\u001b[0;34m)\u001b[0m\u001b[0;34m\u001b[0m\u001b[0;34m\u001b[0m\u001b[0m\n\u001b[0;32m---> 55\u001b[0;31m         \u001b[0;32mreturn\u001b[0m \u001b[0mtorch\u001b[0m\u001b[0;34m.\u001b[0m\u001b[0mstack\u001b[0m\u001b[0;34m(\u001b[0m\u001b[0mbatch\u001b[0m\u001b[0;34m,\u001b[0m \u001b[0;36m0\u001b[0m\u001b[0;34m,\u001b[0m \u001b[0mout\u001b[0m\u001b[0;34m=\u001b[0m\u001b[0mout\u001b[0m\u001b[0;34m)\u001b[0m\u001b[0;34m\u001b[0m\u001b[0;34m\u001b[0m\u001b[0m\n\u001b[0m\u001b[1;32m     56\u001b[0m     \u001b[0;32melif\u001b[0m \u001b[0melem_type\u001b[0m\u001b[0;34m.\u001b[0m\u001b[0m__module__\u001b[0m \u001b[0;34m==\u001b[0m \u001b[0;34m'numpy'\u001b[0m \u001b[0;32mand\u001b[0m \u001b[0melem_type\u001b[0m\u001b[0;34m.\u001b[0m\u001b[0m__name__\u001b[0m \u001b[0;34m!=\u001b[0m \u001b[0;34m'str_'\u001b[0m\u001b[0;31m \u001b[0m\u001b[0;31m\\\u001b[0m\u001b[0;34m\u001b[0m\u001b[0;34m\u001b[0m\u001b[0m\n\u001b[1;32m     57\u001b[0m             \u001b[0;32mand\u001b[0m \u001b[0melem_type\u001b[0m\u001b[0;34m.\u001b[0m\u001b[0m__name__\u001b[0m \u001b[0;34m!=\u001b[0m \u001b[0;34m'string_'\u001b[0m\u001b[0;34m:\u001b[0m\u001b[0;34m\u001b[0m\u001b[0;34m\u001b[0m\u001b[0m\n","\u001b[0;31mRuntimeError\u001b[0m: stack expects each tensor to be equal size, but got [3, 442, 500] at entry 0 and [3, 327, 500] at entry 1"]}]},{"cell_type":"code","metadata":{"id":"bbzLoKIbBLCJ","colab_type":"code","colab":{}},"source":["def collate_fn(batch):\n","    return(tuple(zip(*batch)))"],"execution_count":null,"outputs":[]},{"cell_type":"code","metadata":{"id":"ihvwUYBGjiqn","colab_type":"code","colab":{}},"source":["VOC_dataloader = DataLoader(dataset=VOC_dataset, batch_size=2, num_workers=4, collate_fn=collate_fn)\n","example = next(iter(VOC_dataloader))"],"execution_count":null,"outputs":[]},{"cell_type":"code","metadata":{"id":"Jz0CByBd8WZc","colab_type":"code","colab":{"base_uri":"https://localhost:8080/","height":856},"executionInfo":{"status":"ok","timestamp":1591116742413,"user_tz":-180,"elapsed":847,"user":{"displayName":"Григорий Рашков","photoUrl":"","userId":"08952495357133012535"}},"outputId":"0b3ca4dd-a4e6-4445-999b-d6c3b19774d2"},"source":["ex_images, ex_targets = next(iter(VOC_dataloader))\n","ex_images = ex_images\n","print('image')\n","print(ex_images)\n","print('Так записан target:')\n","print(ex_targets)"],"execution_count":null,"outputs":[{"output_type":"stream","text":["image\n","(tensor([[[1.0000, 1.0000, 1.0000,  ..., 0.7922, 0.7961, 0.8000],\n","         [1.0000, 1.0000, 1.0000,  ..., 0.7961, 0.7961, 0.7922],\n","         [1.0000, 1.0000, 1.0000,  ..., 0.8078, 0.8039, 0.8039],\n","         ...,\n","         [0.8039, 0.7608, 0.8078,  ..., 0.5373, 0.4706, 0.4667],\n","         [0.7529, 0.7569, 0.7569,  ..., 0.4353, 0.4235, 0.4784],\n","         [0.6980, 0.7059, 0.7255,  ..., 0.3216, 0.2863, 0.3137]],\n","\n","        [[1.0000, 1.0000, 1.0000,  ..., 0.8039, 0.8078, 0.8118],\n","         [1.0000, 1.0000, 1.0000,  ..., 0.8078, 0.8078, 0.8039],\n","         [1.0000, 1.0000, 1.0000,  ..., 0.8196, 0.8157, 0.8157],\n","         ...,\n","         [0.7490, 0.7059, 0.7529,  ..., 0.5020, 0.4392, 0.4431],\n","         [0.6980, 0.7020, 0.7020,  ..., 0.4157, 0.4039, 0.4667],\n","         [0.6431, 0.6510, 0.6706,  ..., 0.3020, 0.2667, 0.3020]],\n","\n","        [[1.0000, 1.0000, 1.0000,  ..., 0.9725, 0.9765, 0.9804],\n","         [1.0000, 1.0000, 1.0000,  ..., 0.9765, 0.9765, 0.9725],\n","         [1.0000, 1.0000, 1.0000,  ..., 0.9882, 0.9843, 0.9843],\n","         ...,\n","         [0.6980, 0.6549, 0.7020,  ..., 0.4667, 0.3961, 0.3961],\n","         [0.6471, 0.6510, 0.6510,  ..., 0.3922, 0.3804, 0.4314],\n","         [0.5922, 0.6000, 0.6196,  ..., 0.2863, 0.2510, 0.2745]]]), tensor([[[0.3216, 0.3412, 0.3647,  ..., 0.6275, 0.6275, 0.6196],\n","         [0.3490, 0.3569, 0.3569,  ..., 0.6235, 0.6196, 0.6078],\n","         [0.3647, 0.3569, 0.3412,  ..., 0.6196, 0.6078, 0.5961],\n","         ...,\n","         [0.1804, 0.1569, 0.1255,  ..., 0.1686, 0.1804, 0.1922],\n","         [0.2078, 0.1882, 0.1961,  ..., 0.1882, 0.2000, 0.2118],\n","         [0.2471, 0.2235, 0.2549,  ..., 0.2314, 0.2471, 0.2627]],\n","\n","        [[0.4235, 0.4431, 0.4706,  ..., 0.4118, 0.4118, 0.4039],\n","         [0.4510, 0.4588, 0.4627,  ..., 0.4078, 0.4039, 0.3922],\n","         [0.4667, 0.4588, 0.4471,  ..., 0.4039, 0.3922, 0.3804],\n","         ...,\n","         [0.1569, 0.1294, 0.0863,  ..., 0.0471, 0.0588, 0.0706],\n","         [0.1843, 0.1647, 0.1686,  ..., 0.0588, 0.0706, 0.0824],\n","         [0.2235, 0.2000, 0.2157,  ..., 0.1020, 0.1176, 0.1333]],\n","\n","        [[0.5137, 0.5333, 0.5529,  ..., 0.2000, 0.2000, 0.1922],\n","         [0.5412, 0.5490, 0.5451,  ..., 0.1961, 0.1922, 0.1804],\n","         [0.5569, 0.5490, 0.5294,  ..., 0.1922, 0.1804, 0.1686],\n","         ...,\n","         [0.1961, 0.1608, 0.1216,  ..., 0.0275, 0.0392, 0.0510],\n","         [0.2314, 0.2039, 0.2000,  ..., 0.0392, 0.0510, 0.0627],\n","         [0.2784, 0.2471, 0.2588,  ..., 0.0824, 0.0980, 0.1137]]]))\n","Так записан target:\n","({'boxes': tensor([[ 53,  87, 471, 420],\n","        [158,  44, 289, 167]]), 'labels': tensor([13, 15])}, {'boxes': tensor([[270,   1, 378, 176],\n","        [ 57,   1, 164, 150]]), 'labels': tensor([5, 5])})\n"],"name":"stdout"}]},{"cell_type":"code","metadata":{"id":"B0bbIs7I81GH","colab_type":"code","colab":{"base_uri":"https://localhost:8080/","height":50},"executionInfo":{"status":"ok","timestamp":1591116821121,"user_tz":-180,"elapsed":725,"user":{"displayName":"Григорий Рашков","photoUrl":"","userId":"08952495357133012535"}},"outputId":"897a0af1-fe2d-4797-c260-c9df5674ea38"},"source":["print(ex_images[0].size())\n","print(ex_images[1].size())\n"],"execution_count":null,"outputs":[{"output_type":"stream","text":["torch.Size([3, 442, 500])\n","torch.Size([3, 327, 500])\n"],"name":"stdout"}]},{"cell_type":"code","metadata":{"id":"RZRb9wLz9iWK","colab_type":"code","colab":{}},"source":["target = ex_targets[0]"],"execution_count":null,"outputs":[]},{"cell_type":"code","metadata":{"id":"73eZk3TB9r1E","colab_type":"code","colab":{"base_uri":"https://localhost:8080/","height":67},"executionInfo":{"status":"ok","timestamp":1591117124735,"user_tz":-180,"elapsed":614,"user":{"displayName":"Григорий Рашков","photoUrl":"","userId":"08952495357133012535"}},"outputId":"6d084b8c-c669-4192-d887-d031d14fb214"},"source":["{k:v.cuda() for k,v in target.items()}"],"execution_count":null,"outputs":[{"output_type":"execute_result","data":{"text/plain":["{'boxes': tensor([[ 53,  87, 471, 420],\n","         [158,  44, 289, 167]], device='cuda:0'),\n"," 'labels': tensor([13, 15], device='cuda:0')}"]},"metadata":{"tags":[]},"execution_count":163}]},{"cell_type":"code","metadata":{"id":"qGJQyp_V9X6l","colab_type":"code","colab":{}},"source":["images = [image.cuda() for image in ex_images]"],"execution_count":null,"outputs":[]},{"cell_type":"code","metadata":{"id":"xHrnk6L7sQgp","colab_type":"code","colab":{}},"source":["images = [image.cuda() for image in images]\n","targets = [{k:v.cuda() for k,v in target.items()} for target in targets]"],"execution_count":null,"outputs":[]},{"cell_type":"code","metadata":{"id":"H08smmJ1swnw","colab_type":"code","colab":{"base_uri":"https://localhost:8080/","height":856},"executionInfo":{"status":"ok","timestamp":1591117143563,"user_tz":-180,"elapsed":634,"user":{"displayName":"Григорий Рашков","photoUrl":"","userId":"08952495357133012535"}},"outputId":"6c0c6462-ff55-4da7-f295-4e23686c731c"},"source":["print(images)\n","print(targets)"],"execution_count":null,"outputs":[{"output_type":"stream","text":["[tensor([[[0.8000, 0.7961, 0.7922,  ..., 1.0000, 1.0000, 1.0000],\n","         [0.7922, 0.7961, 0.7961,  ..., 1.0000, 1.0000, 1.0000],\n","         [0.8039, 0.8039, 0.8078,  ..., 1.0000, 1.0000, 1.0000],\n","         ...,\n","         [0.4667, 0.4706, 0.5373,  ..., 0.8078, 0.7608, 0.8039],\n","         [0.4784, 0.4235, 0.4353,  ..., 0.7569, 0.7569, 0.7529],\n","         [0.3137, 0.2863, 0.3216,  ..., 0.7255, 0.7059, 0.6980]],\n","\n","        [[0.8118, 0.8078, 0.8039,  ..., 1.0000, 1.0000, 1.0000],\n","         [0.8039, 0.8078, 0.8078,  ..., 1.0000, 1.0000, 1.0000],\n","         [0.8157, 0.8157, 0.8196,  ..., 1.0000, 1.0000, 1.0000],\n","         ...,\n","         [0.4431, 0.4392, 0.5020,  ..., 0.7529, 0.7059, 0.7490],\n","         [0.4667, 0.4039, 0.4157,  ..., 0.7020, 0.7020, 0.6980],\n","         [0.3020, 0.2667, 0.3020,  ..., 0.6706, 0.6510, 0.6431]],\n","\n","        [[0.9804, 0.9765, 0.9725,  ..., 1.0000, 1.0000, 1.0000],\n","         [0.9725, 0.9765, 0.9765,  ..., 1.0000, 1.0000, 1.0000],\n","         [0.9843, 0.9843, 0.9882,  ..., 1.0000, 1.0000, 1.0000],\n","         ...,\n","         [0.3961, 0.3961, 0.4667,  ..., 0.7020, 0.6549, 0.6980],\n","         [0.4314, 0.3804, 0.3922,  ..., 0.6510, 0.6510, 0.6471],\n","         [0.2745, 0.2510, 0.2863,  ..., 0.6196, 0.6000, 0.5922]]],\n","       device='cuda:0'), tensor([[[0.3216, 0.3412, 0.3647,  ..., 0.6275, 0.6275, 0.6196],\n","         [0.3490, 0.3569, 0.3569,  ..., 0.6235, 0.6196, 0.6078],\n","         [0.3647, 0.3569, 0.3412,  ..., 0.6196, 0.6078, 0.5961],\n","         ...,\n","         [0.1804, 0.1569, 0.1255,  ..., 0.1686, 0.1804, 0.1922],\n","         [0.2078, 0.1882, 0.1961,  ..., 0.1882, 0.2000, 0.2118],\n","         [0.2471, 0.2235, 0.2549,  ..., 0.2314, 0.2471, 0.2627]],\n","\n","        [[0.4235, 0.4431, 0.4706,  ..., 0.4118, 0.4118, 0.4039],\n","         [0.4510, 0.4588, 0.4627,  ..., 0.4078, 0.4039, 0.3922],\n","         [0.4667, 0.4588, 0.4471,  ..., 0.4039, 0.3922, 0.3804],\n","         ...,\n","         [0.1569, 0.1294, 0.0863,  ..., 0.0471, 0.0588, 0.0706],\n","         [0.1843, 0.1647, 0.1686,  ..., 0.0588, 0.0706, 0.0824],\n","         [0.2235, 0.2000, 0.2157,  ..., 0.1020, 0.1176, 0.1333]],\n","\n","        [[0.5137, 0.5333, 0.5529,  ..., 0.2000, 0.2000, 0.1922],\n","         [0.5412, 0.5490, 0.5451,  ..., 0.1961, 0.1922, 0.1804],\n","         [0.5569, 0.5490, 0.5294,  ..., 0.1922, 0.1804, 0.1686],\n","         ...,\n","         [0.1961, 0.1608, 0.1216,  ..., 0.0275, 0.0392, 0.0510],\n","         [0.2314, 0.2039, 0.2000,  ..., 0.0392, 0.0510, 0.0627],\n","  